{
 "cells": [
  {
   "cell_type": "code",
   "execution_count": 15,
   "metadata": {},
   "outputs": [],
   "source": [
    "import numpy as np\n",
    "import pandas as pd\n",
    "import matplotlib.pyplot as plt\n",
    "from itertools import combinations_with_replacement, combinations\n",
    "import libpysal.weights as lpw"
   ]
  },
  {
   "cell_type": "code",
   "execution_count": 16,
   "metadata": {},
   "outputs": [],
   "source": [
    "import SARfunctions as sf"
   ]
  },
  {
   "attachments": {},
   "cell_type": "markdown",
   "metadata": {},
   "source": [
    "# Exponential Covariance Function"
   ]
  },
  {
   "attachments": {},
   "cell_type": "markdown",
   "metadata": {},
   "source": [
    "## 1. Generate $ Y_1, Y_j $ using SAR"
   ]
  },
  {
   "cell_type": "code",
   "execution_count": 17,
   "metadata": {},
   "outputs": [],
   "source": [
    "# set seed\n",
    "seed_value = 42\n",
    "np.random.seed(seed_value)"
   ]
  },
  {
   "cell_type": "code",
   "execution_count": 18,
   "metadata": {},
   "outputs": [],
   "source": [
    "# make coordinates\n",
    "N = 20\n",
    "coords = sf.make_coords(N, 0, 10, 0, 10)"
   ]
  },
  {
   "cell_type": "code",
   "execution_count": 19,
   "metadata": {},
   "outputs": [
    {
     "name": "stdout",
     "output_type": "stream",
     "text": [
      "The shape of the simulation result is:  (1000, 20, 1)\n"
     ]
    }
   ],
   "source": [
    "# simulation\n",
    "# set up parameters\n",
    "n = 1000\n",
    "threshold = 5\n",
    "rho = 0.5 \n",
    "\n",
    "result = sf.simulation(n, coords, N, threshold, rho)[0]\n",
    "\n",
    "print(\"The shape of the simulation result is: \", np.shape(result))"
   ]
  },
  {
   "cell_type": "code",
   "execution_count": 20,
   "metadata": {},
   "outputs": [
    {
     "name": "stdout",
     "output_type": "stream",
     "text": [
      "           y1        y2        y3        y4        y5        y6        y7   \n",
      "0   -0.176288 -1.504306  0.481104 -1.462833 -0.041076 -2.024568 -1.640802  \\\n",
      "1   -0.439835  0.873265  1.254886  1.119476 -0.615585 -0.166956  0.361476   \n",
      "2    0.014418  1.166561 -2.682814  0.644276  0.222437 -0.086963  0.365894   \n",
      "3   -0.950054 -0.825683 -0.907350 -1.902917 -0.054202  0.042506 -0.152282   \n",
      "4    0.090383  2.422114 -0.125786  0.348781  0.104855 -1.084625  1.284004   \n",
      "..        ...       ...       ...       ...       ...       ...       ...   \n",
      "995 -0.510051  0.901262  1.333514 -1.106363 -1.495458  2.175198 -0.108800   \n",
      "996 -0.682179 -0.752077 -0.092792 -1.091957 -1.383892 -2.893773  1.302295   \n",
      "997 -1.034458 -0.967970 -0.944507  0.677402 -0.781160 -1.318204  0.658460   \n",
      "998  1.174818  1.169000  1.284296  0.781863  1.781559  0.654606  2.231683   \n",
      "999 -0.450619 -0.983809  0.598200 -0.028223 -1.306345 -1.316398 -1.031751   \n",
      "\n",
      "           y8        y9       y10       y11       y12       y13       y14   \n",
      "0   -0.098037  0.595263 -0.289621 -0.364312 -0.798140 -1.897063 -0.882772  \\\n",
      "1    1.227509 -0.171182  0.120423 -0.891340 -0.814092  1.060725  1.327914   \n",
      "2   -2.172540 -0.369102  0.049188  1.597700 -0.777492 -1.048367 -0.260218   \n",
      "3   -0.882361 -1.786969 -0.866396 -0.443401 -1.268657 -0.670398  0.263601   \n",
      "4    0.793937  0.712836 -0.737714  1.391339 -1.185306  0.670821  2.019231   \n",
      "..        ...       ...       ...       ...       ...       ...       ...   \n",
      "995  0.420697 -0.666496  0.809777  0.922769  0.647571  1.992562 -0.335282   \n",
      "996  0.385424 -0.363336 -0.753492 -2.987837 -0.889792  0.458310  0.422054   \n",
      "997  0.414634  0.890017  0.574496 -0.940035  0.041724  0.087486 -1.313097   \n",
      "998 -1.281560  0.776398  0.575194 -0.538236  0.867620 -1.064069 -0.355551   \n",
      "999  1.853473  2.183448  0.183161  0.095128 -0.321114 -0.879402  1.219455   \n",
      "\n",
      "          y15       y16       y17       y18       y19       y20  \n",
      "0   -0.665412  0.833446  0.091195 -2.187745  0.157218 -0.624224  \n",
      "1    0.052524  1.076698  0.482230 -0.306682  0.587928  1.633500  \n",
      "2    1.067978  0.507756 -0.471014  0.414593  0.058213  0.977620  \n",
      "3    1.614287 -0.039420 -0.200427 -0.474214 -2.136018 -0.401712  \n",
      "4   -0.951478 -0.513949  0.162738 -0.340528 -1.433676  0.093412  \n",
      "..        ...       ...       ...       ...       ...       ...  \n",
      "995 -0.162610  0.177587  0.410392  0.517394 -1.226952  0.330129  \n",
      "996  0.171674 -0.265905  1.013677 -0.411098  0.760223 -0.680273  \n",
      "997 -1.484814 -0.984439  2.004410 -0.322835  1.027967 -0.513135  \n",
      "998 -1.688100  1.772759  0.345007  2.567774  1.023461  1.025431  \n",
      "999  1.756045 -0.725771 -0.057864 -0.530515 -0.232176  1.069121  \n",
      "\n",
      "[1000 rows x 20 columns]\n"
     ]
    }
   ],
   "source": [
    "# convert results into dataframe (n, N) \n",
    "simul_df = sf.results_to_df(result)\n",
    "\n",
    "print(simul_df)"
   ]
  },
  {
   "attachments": {},
   "cell_type": "markdown",
   "metadata": {},
   "source": [
    "## 2. Calculate Covariance using exponential function\n",
    "\n",
    "$$ Cov[Y_i, Y_j|X] = \\theta_1 exp(-\\theta_2 ||X_i - X_j||) =exp(-\\frac{1}{2}|X_i - X_j|^2) $$ "
   ]
  },
  {
   "cell_type": "code",
   "execution_count": 21,
   "metadata": {},
   "outputs": [
    {
     "data": {
      "text/html": [
       "<div>\n",
       "<style scoped>\n",
       "    .dataframe tbody tr th:only-of-type {\n",
       "        vertical-align: middle;\n",
       "    }\n",
       "\n",
       "    .dataframe tbody tr th {\n",
       "        vertical-align: top;\n",
       "    }\n",
       "\n",
       "    .dataframe thead th {\n",
       "        text-align: right;\n",
       "    }\n",
       "</style>\n",
       "<table border=\"1\" class=\"dataframe\">\n",
       "  <thead>\n",
       "    <tr style=\"text-align: right;\">\n",
       "      <th></th>\n",
       "      <th>y1</th>\n",
       "      <th>y2</th>\n",
       "      <th>y3</th>\n",
       "      <th>y4</th>\n",
       "      <th>y5</th>\n",
       "      <th>y6</th>\n",
       "      <th>y7</th>\n",
       "      <th>y8</th>\n",
       "      <th>y9</th>\n",
       "      <th>y10</th>\n",
       "      <th>y11</th>\n",
       "      <th>y12</th>\n",
       "      <th>y13</th>\n",
       "      <th>y14</th>\n",
       "      <th>y15</th>\n",
       "      <th>y16</th>\n",
       "      <th>y17</th>\n",
       "      <th>y18</th>\n",
       "      <th>y19</th>\n",
       "      <th>y20</th>\n",
       "    </tr>\n",
       "  </thead>\n",
       "  <tbody>\n",
       "    <tr>\n",
       "      <th>y1</th>\n",
       "      <td>0.000000</td>\n",
       "      <td>7.450502</td>\n",
       "      <td>4.795692</td>\n",
       "      <td>3.324077</td>\n",
       "      <td>2.683653</td>\n",
       "      <td>2.789320</td>\n",
       "      <td>5.196502</td>\n",
       "      <td>5.012338</td>\n",
       "      <td>2.274072</td>\n",
       "      <td>6.564479</td>\n",
       "      <td>3.539818</td>\n",
       "      <td>7.411047</td>\n",
       "      <td>7.132085</td>\n",
       "      <td>3.740323</td>\n",
       "      <td>4.028633</td>\n",
       "      <td>2.741579</td>\n",
       "      <td>3.151788</td>\n",
       "      <td>5.356742</td>\n",
       "      <td>0.923808</td>\n",
       "      <td>1.908448</td>\n",
       "    </tr>\n",
       "    <tr>\n",
       "      <th>y2</th>\n",
       "      <td>7.450502</td>\n",
       "      <td>0.000000</td>\n",
       "      <td>2.667224</td>\n",
       "      <td>4.188226</td>\n",
       "      <td>8.554307</td>\n",
       "      <td>10.239555</td>\n",
       "      <td>8.946570</td>\n",
       "      <td>3.841578</td>\n",
       "      <td>5.721511</td>\n",
       "      <td>2.598694</td>\n",
       "      <td>10.412556</td>\n",
       "      <td>0.364876</td>\n",
       "      <td>1.397492</td>\n",
       "      <td>10.955879</td>\n",
       "      <td>11.285810</td>\n",
       "      <td>10.179372</td>\n",
       "      <td>6.672261</td>\n",
       "      <td>4.280060</td>\n",
       "      <td>7.522382</td>\n",
       "      <td>7.247871</td>\n",
       "    </tr>\n",
       "    <tr>\n",
       "      <th>y3</th>\n",
       "      <td>4.795692</td>\n",
       "      <td>2.667224</td>\n",
       "      <td>0.000000</td>\n",
       "      <td>1.525993</td>\n",
       "      <td>5.988481</td>\n",
       "      <td>7.581921</td>\n",
       "      <td>6.802250</td>\n",
       "      <td>2.594778</td>\n",
       "      <td>3.275535</td>\n",
       "      <td>2.468560</td>\n",
       "      <td>7.781907</td>\n",
       "      <td>2.671994</td>\n",
       "      <td>2.483167</td>\n",
       "      <td>8.374663</td>\n",
       "      <td>8.696385</td>\n",
       "      <td>7.533042</td>\n",
       "      <td>4.279334</td>\n",
       "      <td>2.841953</td>\n",
       "      <td>4.937233</td>\n",
       "      <td>4.649515</td>\n",
       "    </tr>\n",
       "    <tr>\n",
       "      <th>y4</th>\n",
       "      <td>3.324077</td>\n",
       "      <td>4.188226</td>\n",
       "      <td>1.525993</td>\n",
       "      <td>0.000000</td>\n",
       "      <td>4.516388</td>\n",
       "      <td>6.093904</td>\n",
       "      <td>5.656908</td>\n",
       "      <td>3.056665</td>\n",
       "      <td>2.260661</td>\n",
       "      <td>3.381047</td>\n",
       "      <td>6.263695</td>\n",
       "      <td>4.197380</td>\n",
       "      <td>3.813698</td>\n",
       "      <td>6.989825</td>\n",
       "      <td>7.299828</td>\n",
       "      <td>6.064909</td>\n",
       "      <td>3.008218</td>\n",
       "      <td>2.786677</td>\n",
       "      <td>3.589366</td>\n",
       "      <td>3.161611</td>\n",
       "    </tr>\n",
       "    <tr>\n",
       "      <th>y5</th>\n",
       "      <td>2.683653</td>\n",
       "      <td>8.554307</td>\n",
       "      <td>5.988481</td>\n",
       "      <td>4.516388</td>\n",
       "      <td>0.000000</td>\n",
       "      <td>3.291060</td>\n",
       "      <td>2.744636</td>\n",
       "      <td>7.125355</td>\n",
       "      <td>4.655111</td>\n",
       "      <td>6.874240</td>\n",
       "      <td>2.031921</td>\n",
       "      <td>8.625285</td>\n",
       "      <td>7.813097</td>\n",
       "      <td>4.960234</td>\n",
       "      <td>5.102151</td>\n",
       "      <td>3.533901</td>\n",
       "      <td>2.119180</td>\n",
       "      <td>5.142145</td>\n",
       "      <td>3.580415</td>\n",
       "      <td>1.361442</td>\n",
       "    </tr>\n",
       "    <tr>\n",
       "      <th>y6</th>\n",
       "      <td>2.789320</td>\n",
       "      <td>10.239555</td>\n",
       "      <td>7.581921</td>\n",
       "      <td>6.093904</td>\n",
       "      <td>3.291060</td>\n",
       "      <td>0.000000</td>\n",
       "      <td>5.936323</td>\n",
       "      <td>7.601100</td>\n",
       "      <td>4.850662</td>\n",
       "      <td>9.222286</td>\n",
       "      <td>2.233578</td>\n",
       "      <td>10.199289</td>\n",
       "      <td>9.880087</td>\n",
       "      <td>1.731345</td>\n",
       "      <td>1.822954</td>\n",
       "      <td>0.359241</td>\n",
       "      <td>5.029089</td>\n",
       "      <td>7.801582</td>\n",
       "      <td>2.938335</td>\n",
       "      <td>3.705801</td>\n",
       "    </tr>\n",
       "    <tr>\n",
       "      <th>y7</th>\n",
       "      <td>5.196502</td>\n",
       "      <td>8.946570</td>\n",
       "      <td>6.802250</td>\n",
       "      <td>5.656908</td>\n",
       "      <td>2.744636</td>\n",
       "      <td>5.936323</td>\n",
       "      <td>0.000000</td>\n",
       "      <td>8.671574</td>\n",
       "      <td>6.701704</td>\n",
       "      <td>6.678047</td>\n",
       "      <td>4.095913</td>\n",
       "      <td>9.122921</td>\n",
       "      <td>7.859739</td>\n",
       "      <td>7.649268</td>\n",
       "      <td>7.758891</td>\n",
       "      <td>6.214899</td>\n",
       "      <td>2.675939</td>\n",
       "      <td>4.776901</td>\n",
       "      <td>6.120213</td>\n",
       "      <td>3.349431</td>\n",
       "    </tr>\n",
       "    <tr>\n",
       "      <th>y8</th>\n",
       "      <td>5.012338</td>\n",
       "      <td>3.841578</td>\n",
       "      <td>2.594778</td>\n",
       "      <td>3.056665</td>\n",
       "      <td>7.125355</td>\n",
       "      <td>7.601100</td>\n",
       "      <td>8.671574</td>\n",
       "      <td>0.000000</td>\n",
       "      <td>2.763504</td>\n",
       "      <td>4.937799</td>\n",
       "      <td>8.507244</td>\n",
       "      <td>3.590229</td>\n",
       "      <td>4.504478</td>\n",
       "      <td>7.851270</td>\n",
       "      <td>8.198148</td>\n",
       "      <td>7.434440</td>\n",
       "      <td>5.997587</td>\n",
       "      <td>5.386015</td>\n",
       "      <td>4.663220</td>\n",
       "      <td>5.797001</td>\n",
       "    </tr>\n",
       "    <tr>\n",
       "      <th>y9</th>\n",
       "      <td>2.274072</td>\n",
       "      <td>5.721511</td>\n",
       "      <td>3.275535</td>\n",
       "      <td>2.260661</td>\n",
       "      <td>4.655111</td>\n",
       "      <td>4.850662</td>\n",
       "      <td>6.701704</td>\n",
       "      <td>2.763504</td>\n",
       "      <td>0.000000</td>\n",
       "      <td>5.563423</td>\n",
       "      <td>5.807277</td>\n",
       "      <td>5.603581</td>\n",
       "      <td>5.758682</td>\n",
       "      <td>5.274640</td>\n",
       "      <td>5.613336</td>\n",
       "      <td>4.702453</td>\n",
       "      <td>4.134764</td>\n",
       "      <td>5.006004</td>\n",
       "      <td>1.924815</td>\n",
       "      <td>3.452723</td>\n",
       "    </tr>\n",
       "    <tr>\n",
       "      <th>y10</th>\n",
       "      <td>6.564479</td>\n",
       "      <td>2.598694</td>\n",
       "      <td>2.468560</td>\n",
       "      <td>3.381047</td>\n",
       "      <td>6.874240</td>\n",
       "      <td>9.222286</td>\n",
       "      <td>6.678047</td>\n",
       "      <td>4.937799</td>\n",
       "      <td>5.563423</td>\n",
       "      <td>0.000000</td>\n",
       "      <td>8.873933</td>\n",
       "      <td>2.897465</td>\n",
       "      <td>1.257534</td>\n",
       "      <td>10.296314</td>\n",
       "      <td>10.591654</td>\n",
       "      <td>9.251161</td>\n",
       "      <td>4.792987</td>\n",
       "      <td>1.903378</td>\n",
       "      <td>6.949914</td>\n",
       "      <td>5.733758</td>\n",
       "    </tr>\n",
       "    <tr>\n",
       "      <th>y11</th>\n",
       "      <td>3.539818</td>\n",
       "      <td>10.412556</td>\n",
       "      <td>7.781907</td>\n",
       "      <td>6.263695</td>\n",
       "      <td>2.031921</td>\n",
       "      <td>2.233578</td>\n",
       "      <td>4.095913</td>\n",
       "      <td>8.507244</td>\n",
       "      <td>5.807277</td>\n",
       "      <td>8.873933</td>\n",
       "      <td>0.000000</td>\n",
       "      <td>10.450865</td>\n",
       "      <td>9.764285</td>\n",
       "      <td>3.915141</td>\n",
       "      <td>3.927148</td>\n",
       "      <td>2.585577</td>\n",
       "      <td>4.150048</td>\n",
       "      <td>7.170492</td>\n",
       "      <td>4.184478</td>\n",
       "      <td>3.182275</td>\n",
       "    </tr>\n",
       "    <tr>\n",
       "      <th>y12</th>\n",
       "      <td>7.411047</td>\n",
       "      <td>0.364876</td>\n",
       "      <td>2.671994</td>\n",
       "      <td>4.197380</td>\n",
       "      <td>8.625285</td>\n",
       "      <td>10.199289</td>\n",
       "      <td>9.122921</td>\n",
       "      <td>3.590229</td>\n",
       "      <td>5.603581</td>\n",
       "      <td>2.897465</td>\n",
       "      <td>10.450865</td>\n",
       "      <td>0.000000</td>\n",
       "      <td>1.732677</td>\n",
       "      <td>10.861675</td>\n",
       "      <td>11.194974</td>\n",
       "      <td>10.126564</td>\n",
       "      <td>6.790386</td>\n",
       "      <td>4.510754</td>\n",
       "      <td>7.438434</td>\n",
       "      <td>7.302787</td>\n",
       "    </tr>\n",
       "    <tr>\n",
       "      <th>y13</th>\n",
       "      <td>7.132085</td>\n",
       "      <td>1.397492</td>\n",
       "      <td>2.483167</td>\n",
       "      <td>3.813698</td>\n",
       "      <td>7.813097</td>\n",
       "      <td>9.880087</td>\n",
       "      <td>7.859739</td>\n",
       "      <td>4.504478</td>\n",
       "      <td>5.758682</td>\n",
       "      <td>1.257534</td>\n",
       "      <td>9.764285</td>\n",
       "      <td>1.732677</td>\n",
       "      <td>0.000000</td>\n",
       "      <td>10.796716</td>\n",
       "      <td>11.110124</td>\n",
       "      <td>9.868198</td>\n",
       "      <td>5.799877</td>\n",
       "      <td>3.094106</td>\n",
       "      <td>7.374171</td>\n",
       "      <td>6.584928</td>\n",
       "    </tr>\n",
       "    <tr>\n",
       "      <th>y14</th>\n",
       "      <td>3.740323</td>\n",
       "      <td>10.955879</td>\n",
       "      <td>8.374663</td>\n",
       "      <td>6.989825</td>\n",
       "      <td>4.960234</td>\n",
       "      <td>1.731345</td>\n",
       "      <td>7.649268</td>\n",
       "      <td>7.851270</td>\n",
       "      <td>5.274640</td>\n",
       "      <td>10.296314</td>\n",
       "      <td>3.915141</td>\n",
       "      <td>10.861675</td>\n",
       "      <td>10.796716</td>\n",
       "      <td>0.000000</td>\n",
       "      <td>0.348074</td>\n",
       "      <td>1.434369</td>\n",
       "      <td>6.507936</td>\n",
       "      <td>9.067353</td>\n",
       "      <td>3.439007</td>\n",
       "      <td>5.148135</td>\n",
       "    </tr>\n",
       "    <tr>\n",
       "      <th>y15</th>\n",
       "      <td>4.028633</td>\n",
       "      <td>11.285810</td>\n",
       "      <td>8.696385</td>\n",
       "      <td>7.299828</td>\n",
       "      <td>5.102151</td>\n",
       "      <td>1.822954</td>\n",
       "      <td>7.758891</td>\n",
       "      <td>8.198148</td>\n",
       "      <td>5.613336</td>\n",
       "      <td>10.591654</td>\n",
       "      <td>3.927148</td>\n",
       "      <td>11.194974</td>\n",
       "      <td>11.110124</td>\n",
       "      <td>0.348074</td>\n",
       "      <td>0.000000</td>\n",
       "      <td>1.572426</td>\n",
       "      <td>6.722582</td>\n",
       "      <td>9.332505</td>\n",
       "      <td>3.764910</td>\n",
       "      <td>5.367476</td>\n",
       "    </tr>\n",
       "    <tr>\n",
       "      <th>y16</th>\n",
       "      <td>2.741579</td>\n",
       "      <td>10.179372</td>\n",
       "      <td>7.533042</td>\n",
       "      <td>6.064909</td>\n",
       "      <td>3.533901</td>\n",
       "      <td>0.359241</td>\n",
       "      <td>6.214899</td>\n",
       "      <td>7.434440</td>\n",
       "      <td>4.702453</td>\n",
       "      <td>9.251161</td>\n",
       "      <td>2.585577</td>\n",
       "      <td>10.126564</td>\n",
       "      <td>9.868198</td>\n",
       "      <td>1.434369</td>\n",
       "      <td>1.572426</td>\n",
       "      <td>0.000000</td>\n",
       "      <td>5.180730</td>\n",
       "      <td>7.884488</td>\n",
       "      <td>2.778294</td>\n",
       "      <td>3.837062</td>\n",
       "    </tr>\n",
       "    <tr>\n",
       "      <th>y17</th>\n",
       "      <td>3.151788</td>\n",
       "      <td>6.672261</td>\n",
       "      <td>4.279334</td>\n",
       "      <td>3.008218</td>\n",
       "      <td>2.119180</td>\n",
       "      <td>5.029089</td>\n",
       "      <td>2.675939</td>\n",
       "      <td>5.997587</td>\n",
       "      <td>4.134764</td>\n",
       "      <td>4.792987</td>\n",
       "      <td>4.150048</td>\n",
       "      <td>6.790386</td>\n",
       "      <td>5.799877</td>\n",
       "      <td>6.507936</td>\n",
       "      <td>6.722582</td>\n",
       "      <td>5.180730</td>\n",
       "      <td>0.000000</td>\n",
       "      <td>3.024093</td>\n",
       "      <td>4.005231</td>\n",
       "      <td>1.361620</td>\n",
       "    </tr>\n",
       "    <tr>\n",
       "      <th>y18</th>\n",
       "      <td>5.356742</td>\n",
       "      <td>4.280060</td>\n",
       "      <td>2.841953</td>\n",
       "      <td>2.786677</td>\n",
       "      <td>5.142145</td>\n",
       "      <td>7.801582</td>\n",
       "      <td>4.776901</td>\n",
       "      <td>5.386015</td>\n",
       "      <td>5.006004</td>\n",
       "      <td>1.903378</td>\n",
       "      <td>7.170492</td>\n",
       "      <td>4.510754</td>\n",
       "      <td>3.094106</td>\n",
       "      <td>9.067353</td>\n",
       "      <td>9.332505</td>\n",
       "      <td>7.884488</td>\n",
       "      <td>3.024093</td>\n",
       "      <td>0.000000</td>\n",
       "      <td>5.938583</td>\n",
       "      <td>4.145212</td>\n",
       "    </tr>\n",
       "    <tr>\n",
       "      <th>y19</th>\n",
       "      <td>0.923808</td>\n",
       "      <td>7.522382</td>\n",
       "      <td>4.937233</td>\n",
       "      <td>3.589366</td>\n",
       "      <td>3.580415</td>\n",
       "      <td>2.938335</td>\n",
       "      <td>6.120213</td>\n",
       "      <td>4.663220</td>\n",
       "      <td>1.924815</td>\n",
       "      <td>6.949914</td>\n",
       "      <td>4.184478</td>\n",
       "      <td>7.438434</td>\n",
       "      <td>7.374171</td>\n",
       "      <td>3.439007</td>\n",
       "      <td>3.764910</td>\n",
       "      <td>2.778294</td>\n",
       "      <td>4.005231</td>\n",
       "      <td>5.938583</td>\n",
       "      <td>0.000000</td>\n",
       "      <td>2.817379</td>\n",
       "    </tr>\n",
       "    <tr>\n",
       "      <th>y20</th>\n",
       "      <td>1.908448</td>\n",
       "      <td>7.247871</td>\n",
       "      <td>4.649515</td>\n",
       "      <td>3.161611</td>\n",
       "      <td>1.361442</td>\n",
       "      <td>3.705801</td>\n",
       "      <td>3.349431</td>\n",
       "      <td>5.797001</td>\n",
       "      <td>3.452723</td>\n",
       "      <td>5.733758</td>\n",
       "      <td>3.182275</td>\n",
       "      <td>7.302787</td>\n",
       "      <td>6.584928</td>\n",
       "      <td>5.148135</td>\n",
       "      <td>5.367476</td>\n",
       "      <td>3.837062</td>\n",
       "      <td>1.361620</td>\n",
       "      <td>4.145212</td>\n",
       "      <td>2.817379</td>\n",
       "      <td>0.000000</td>\n",
       "    </tr>\n",
       "  </tbody>\n",
       "</table>\n",
       "</div>"
      ],
      "text/plain": [
       "           y1         y2        y3        y4        y5         y6        y7   \n",
       "y1   0.000000   7.450502  4.795692  3.324077  2.683653   2.789320  5.196502  \\\n",
       "y2   7.450502   0.000000  2.667224  4.188226  8.554307  10.239555  8.946570   \n",
       "y3   4.795692   2.667224  0.000000  1.525993  5.988481   7.581921  6.802250   \n",
       "y4   3.324077   4.188226  1.525993  0.000000  4.516388   6.093904  5.656908   \n",
       "y5   2.683653   8.554307  5.988481  4.516388  0.000000   3.291060  2.744636   \n",
       "y6   2.789320  10.239555  7.581921  6.093904  3.291060   0.000000  5.936323   \n",
       "y7   5.196502   8.946570  6.802250  5.656908  2.744636   5.936323  0.000000   \n",
       "y8   5.012338   3.841578  2.594778  3.056665  7.125355   7.601100  8.671574   \n",
       "y9   2.274072   5.721511  3.275535  2.260661  4.655111   4.850662  6.701704   \n",
       "y10  6.564479   2.598694  2.468560  3.381047  6.874240   9.222286  6.678047   \n",
       "y11  3.539818  10.412556  7.781907  6.263695  2.031921   2.233578  4.095913   \n",
       "y12  7.411047   0.364876  2.671994  4.197380  8.625285  10.199289  9.122921   \n",
       "y13  7.132085   1.397492  2.483167  3.813698  7.813097   9.880087  7.859739   \n",
       "y14  3.740323  10.955879  8.374663  6.989825  4.960234   1.731345  7.649268   \n",
       "y15  4.028633  11.285810  8.696385  7.299828  5.102151   1.822954  7.758891   \n",
       "y16  2.741579  10.179372  7.533042  6.064909  3.533901   0.359241  6.214899   \n",
       "y17  3.151788   6.672261  4.279334  3.008218  2.119180   5.029089  2.675939   \n",
       "y18  5.356742   4.280060  2.841953  2.786677  5.142145   7.801582  4.776901   \n",
       "y19  0.923808   7.522382  4.937233  3.589366  3.580415   2.938335  6.120213   \n",
       "y20  1.908448   7.247871  4.649515  3.161611  1.361442   3.705801  3.349431   \n",
       "\n",
       "           y8        y9        y10        y11        y12        y13   \n",
       "y1   5.012338  2.274072   6.564479   3.539818   7.411047   7.132085  \\\n",
       "y2   3.841578  5.721511   2.598694  10.412556   0.364876   1.397492   \n",
       "y3   2.594778  3.275535   2.468560   7.781907   2.671994   2.483167   \n",
       "y4   3.056665  2.260661   3.381047   6.263695   4.197380   3.813698   \n",
       "y5   7.125355  4.655111   6.874240   2.031921   8.625285   7.813097   \n",
       "y6   7.601100  4.850662   9.222286   2.233578  10.199289   9.880087   \n",
       "y7   8.671574  6.701704   6.678047   4.095913   9.122921   7.859739   \n",
       "y8   0.000000  2.763504   4.937799   8.507244   3.590229   4.504478   \n",
       "y9   2.763504  0.000000   5.563423   5.807277   5.603581   5.758682   \n",
       "y10  4.937799  5.563423   0.000000   8.873933   2.897465   1.257534   \n",
       "y11  8.507244  5.807277   8.873933   0.000000  10.450865   9.764285   \n",
       "y12  3.590229  5.603581   2.897465  10.450865   0.000000   1.732677   \n",
       "y13  4.504478  5.758682   1.257534   9.764285   1.732677   0.000000   \n",
       "y14  7.851270  5.274640  10.296314   3.915141  10.861675  10.796716   \n",
       "y15  8.198148  5.613336  10.591654   3.927148  11.194974  11.110124   \n",
       "y16  7.434440  4.702453   9.251161   2.585577  10.126564   9.868198   \n",
       "y17  5.997587  4.134764   4.792987   4.150048   6.790386   5.799877   \n",
       "y18  5.386015  5.006004   1.903378   7.170492   4.510754   3.094106   \n",
       "y19  4.663220  1.924815   6.949914   4.184478   7.438434   7.374171   \n",
       "y20  5.797001  3.452723   5.733758   3.182275   7.302787   6.584928   \n",
       "\n",
       "           y14        y15        y16       y17       y18       y19       y20  \n",
       "y1    3.740323   4.028633   2.741579  3.151788  5.356742  0.923808  1.908448  \n",
       "y2   10.955879  11.285810  10.179372  6.672261  4.280060  7.522382  7.247871  \n",
       "y3    8.374663   8.696385   7.533042  4.279334  2.841953  4.937233  4.649515  \n",
       "y4    6.989825   7.299828   6.064909  3.008218  2.786677  3.589366  3.161611  \n",
       "y5    4.960234   5.102151   3.533901  2.119180  5.142145  3.580415  1.361442  \n",
       "y6    1.731345   1.822954   0.359241  5.029089  7.801582  2.938335  3.705801  \n",
       "y7    7.649268   7.758891   6.214899  2.675939  4.776901  6.120213  3.349431  \n",
       "y8    7.851270   8.198148   7.434440  5.997587  5.386015  4.663220  5.797001  \n",
       "y9    5.274640   5.613336   4.702453  4.134764  5.006004  1.924815  3.452723  \n",
       "y10  10.296314  10.591654   9.251161  4.792987  1.903378  6.949914  5.733758  \n",
       "y11   3.915141   3.927148   2.585577  4.150048  7.170492  4.184478  3.182275  \n",
       "y12  10.861675  11.194974  10.126564  6.790386  4.510754  7.438434  7.302787  \n",
       "y13  10.796716  11.110124   9.868198  5.799877  3.094106  7.374171  6.584928  \n",
       "y14   0.000000   0.348074   1.434369  6.507936  9.067353  3.439007  5.148135  \n",
       "y15   0.348074   0.000000   1.572426  6.722582  9.332505  3.764910  5.367476  \n",
       "y16   1.434369   1.572426   0.000000  5.180730  7.884488  2.778294  3.837062  \n",
       "y17   6.507936   6.722582   5.180730  0.000000  3.024093  4.005231  1.361620  \n",
       "y18   9.067353   9.332505   7.884488  3.024093  0.000000  5.938583  4.145212  \n",
       "y19   3.439007   3.764910   2.778294  4.005231  5.938583  0.000000  2.817379  \n",
       "y20   5.148135   5.367476   3.837062  1.361620  4.145212  2.817379  0.000000  "
      ]
     },
     "execution_count": 21,
     "metadata": {},
     "output_type": "execute_result"
    }
   ],
   "source": [
    "# Calculate distances between coordinates\n",
    "distances = sf.distances(coords)     \n",
    "distances = sf.pairs_df(distances)\n",
    "\n",
    "distances"
   ]
  },
  {
   "cell_type": "code",
   "execution_count": 22,
   "metadata": {},
   "outputs": [
    {
     "data": {
      "text/html": [
       "<div>\n",
       "<style scoped>\n",
       "    .dataframe tbody tr th:only-of-type {\n",
       "        vertical-align: middle;\n",
       "    }\n",
       "\n",
       "    .dataframe tbody tr th {\n",
       "        vertical-align: top;\n",
       "    }\n",
       "\n",
       "    .dataframe thead th {\n",
       "        text-align: right;\n",
       "    }\n",
       "</style>\n",
       "<table border=\"1\" class=\"dataframe\">\n",
       "  <thead>\n",
       "    <tr style=\"text-align: right;\">\n",
       "      <th></th>\n",
       "      <th>y1</th>\n",
       "      <th>y2</th>\n",
       "      <th>y3</th>\n",
       "      <th>y4</th>\n",
       "      <th>y5</th>\n",
       "      <th>y6</th>\n",
       "      <th>y7</th>\n",
       "      <th>y8</th>\n",
       "      <th>y9</th>\n",
       "      <th>y10</th>\n",
       "      <th>y11</th>\n",
       "      <th>y12</th>\n",
       "      <th>y13</th>\n",
       "      <th>y14</th>\n",
       "      <th>y15</th>\n",
       "      <th>y16</th>\n",
       "      <th>y17</th>\n",
       "      <th>y18</th>\n",
       "      <th>y19</th>\n",
       "      <th>y20</th>\n",
       "    </tr>\n",
       "  </thead>\n",
       "  <tbody>\n",
       "    <tr>\n",
       "      <th>y1</th>\n",
       "      <td>1.000000e+00</td>\n",
       "      <td>8.834095e-13</td>\n",
       "      <td>1.013688e-05</td>\n",
       "      <td>3.986886e-03</td>\n",
       "      <td>2.729648e-02</td>\n",
       "      <td>2.044221e-02</td>\n",
       "      <td>1.368470e-06</td>\n",
       "      <td>3.503433e-06</td>\n",
       "      <td>7.534321e-02</td>\n",
       "      <td>4.391442e-10</td>\n",
       "      <td>1.901415e-03</td>\n",
       "      <td>1.184370e-12</td>\n",
       "      <td>9.004297e-12</td>\n",
       "      <td>9.164450e-04</td>\n",
       "      <td>2.990378e-04</td>\n",
       "      <td>2.332739e-02</td>\n",
       "      <td>6.964820e-03</td>\n",
       "      <td>5.875287e-07</td>\n",
       "      <td>6.526526e-01</td>\n",
       "      <td>1.618497e-01</td>\n",
       "    </tr>\n",
       "    <tr>\n",
       "      <th>y2</th>\n",
       "      <td>8.834095e-13</td>\n",
       "      <td>1.000000e+00</td>\n",
       "      <td>2.852304e-02</td>\n",
       "      <td>1.552274e-04</td>\n",
       "      <td>1.288243e-16</td>\n",
       "      <td>1.707809e-23</td>\n",
       "      <td>4.161904e-18</td>\n",
       "      <td>6.243122e-04</td>\n",
       "      <td>7.789986e-08</td>\n",
       "      <td>3.416326e-02</td>\n",
       "      <td>2.861604e-24</td>\n",
       "      <td>9.355999e-01</td>\n",
       "      <td>3.766300e-01</td>\n",
       "      <td>8.620618e-27</td>\n",
       "      <td>2.198176e-28</td>\n",
       "      <td>3.157079e-23</td>\n",
       "      <td>2.151823e-10</td>\n",
       "      <td>1.052199e-04</td>\n",
       "      <td>5.157694e-13</td>\n",
       "      <td>3.916531e-12</td>\n",
       "    </tr>\n",
       "    <tr>\n",
       "      <th>y3</th>\n",
       "      <td>1.013688e-05</td>\n",
       "      <td>2.852304e-02</td>\n",
       "      <td>1.000000e+00</td>\n",
       "      <td>3.121327e-01</td>\n",
       "      <td>1.631872e-08</td>\n",
       "      <td>3.289862e-13</td>\n",
       "      <td>8.963281e-11</td>\n",
       "      <td>3.451239e-02</td>\n",
       "      <td>4.679491e-03</td>\n",
       "      <td>4.750623e-02</td>\n",
       "      <td>7.079171e-14</td>\n",
       "      <td>2.816214e-02</td>\n",
       "      <td>4.581884e-02</td>\n",
       "      <td>5.893644e-16</td>\n",
       "      <td>3.782513e-17</td>\n",
       "      <td>4.759990e-13</td>\n",
       "      <td>1.055475e-04</td>\n",
       "      <td>1.762657e-02</td>\n",
       "      <td>5.090510e-06</td>\n",
       "      <td>2.021680e-05</td>\n",
       "    </tr>\n",
       "    <tr>\n",
       "      <th>y4</th>\n",
       "      <td>3.986886e-03</td>\n",
       "      <td>1.552274e-04</td>\n",
       "      <td>3.121327e-01</td>\n",
       "      <td>1.000000e+00</td>\n",
       "      <td>3.721201e-05</td>\n",
       "      <td>8.631630e-09</td>\n",
       "      <td>1.125008e-07</td>\n",
       "      <td>9.357284e-03</td>\n",
       "      <td>7.766944e-02</td>\n",
       "      <td>3.293718e-03</td>\n",
       "      <td>3.023233e-09</td>\n",
       "      <td>1.493826e-04</td>\n",
       "      <td>6.946205e-04</td>\n",
       "      <td>2.458645e-11</td>\n",
       "      <td>2.683908e-12</td>\n",
       "      <td>1.029546e-08</td>\n",
       "      <td>1.083810e-02</td>\n",
       "      <td>2.059341e-02</td>\n",
       "      <td>1.593578e-03</td>\n",
       "      <td>6.752158e-03</td>\n",
       "    </tr>\n",
       "    <tr>\n",
       "      <th>y5</th>\n",
       "      <td>2.729648e-02</td>\n",
       "      <td>1.288243e-16</td>\n",
       "      <td>1.631872e-08</td>\n",
       "      <td>3.721201e-05</td>\n",
       "      <td>1.000000e+00</td>\n",
       "      <td>4.446948e-03</td>\n",
       "      <td>2.313256e-02</td>\n",
       "      <td>9.446854e-12</td>\n",
       "      <td>1.969725e-05</td>\n",
       "      <td>5.478596e-11</td>\n",
       "      <td>1.269005e-01</td>\n",
       "      <td>7.001885e-17</td>\n",
       "      <td>5.550848e-14</td>\n",
       "      <td>4.542840e-06</td>\n",
       "      <td>2.224513e-06</td>\n",
       "      <td>1.941629e-03</td>\n",
       "      <td>1.058787e-01</td>\n",
       "      <td>1.812453e-06</td>\n",
       "      <td>1.645539e-03</td>\n",
       "      <td>3.958332e-01</td>\n",
       "    </tr>\n",
       "    <tr>\n",
       "      <th>y6</th>\n",
       "      <td>2.044221e-02</td>\n",
       "      <td>1.707809e-23</td>\n",
       "      <td>3.289862e-13</td>\n",
       "      <td>8.631630e-09</td>\n",
       "      <td>4.446948e-03</td>\n",
       "      <td>1.000000e+00</td>\n",
       "      <td>2.227129e-08</td>\n",
       "      <td>2.844092e-13</td>\n",
       "      <td>7.776064e-06</td>\n",
       "      <td>3.400206e-19</td>\n",
       "      <td>8.254313e-02</td>\n",
       "      <td>2.577203e-23</td>\n",
       "      <td>6.352280e-22</td>\n",
       "      <td>2.234032e-01</td>\n",
       "      <td>1.898387e-01</td>\n",
       "      <td>9.375108e-01</td>\n",
       "      <td>3.220833e-06</td>\n",
       "      <td>6.072965e-14</td>\n",
       "      <td>1.334107e-02</td>\n",
       "      <td>1.042139e-03</td>\n",
       "    </tr>\n",
       "    <tr>\n",
       "      <th>y7</th>\n",
       "      <td>1.368470e-06</td>\n",
       "      <td>4.161904e-18</td>\n",
       "      <td>8.963281e-11</td>\n",
       "      <td>1.125008e-07</td>\n",
       "      <td>2.313256e-02</td>\n",
       "      <td>2.227129e-08</td>\n",
       "      <td>1.000000e+00</td>\n",
       "      <td>4.691954e-17</td>\n",
       "      <td>1.767259e-10</td>\n",
       "      <td>2.070309e-10</td>\n",
       "      <td>2.275252e-04</td>\n",
       "      <td>8.459390e-19</td>\n",
       "      <td>3.851410e-14</td>\n",
       "      <td>1.969846e-13</td>\n",
       "      <td>8.465449e-14</td>\n",
       "      <td>4.099153e-09</td>\n",
       "      <td>2.786668e-02</td>\n",
       "      <td>1.109082e-05</td>\n",
       "      <td>7.350477e-09</td>\n",
       "      <td>3.663478e-03</td>\n",
       "    </tr>\n",
       "    <tr>\n",
       "      <th>y8</th>\n",
       "      <td>3.503433e-06</td>\n",
       "      <td>6.243122e-04</td>\n",
       "      <td>3.451239e-02</td>\n",
       "      <td>9.357284e-03</td>\n",
       "      <td>9.446854e-12</td>\n",
       "      <td>2.844092e-13</td>\n",
       "      <td>4.691954e-17</td>\n",
       "      <td>1.000000e+00</td>\n",
       "      <td>2.196123e-02</td>\n",
       "      <td>5.076281e-06</td>\n",
       "      <td>1.924676e-16</td>\n",
       "      <td>1.588646e-03</td>\n",
       "      <td>3.926571e-05</td>\n",
       "      <td>4.116359e-14</td>\n",
       "      <td>2.544566e-15</td>\n",
       "      <td>9.955847e-13</td>\n",
       "      <td>1.545201e-08</td>\n",
       "      <td>5.020432e-07</td>\n",
       "      <td>1.896701e-05</td>\n",
       "      <td>5.043353e-08</td>\n",
       "    </tr>\n",
       "    <tr>\n",
       "      <th>y9</th>\n",
       "      <td>7.534321e-02</td>\n",
       "      <td>7.789986e-08</td>\n",
       "      <td>4.679491e-03</td>\n",
       "      <td>7.766944e-02</td>\n",
       "      <td>1.969725e-05</td>\n",
       "      <td>7.776064e-06</td>\n",
       "      <td>1.767259e-10</td>\n",
       "      <td>2.196123e-02</td>\n",
       "      <td>1.000000e+00</td>\n",
       "      <td>1.900765e-07</td>\n",
       "      <td>4.751453e-08</td>\n",
       "      <td>1.518976e-07</td>\n",
       "      <td>6.293213e-08</td>\n",
       "      <td>9.090074e-07</td>\n",
       "      <td>1.438103e-07</td>\n",
       "      <td>1.578372e-05</td>\n",
       "      <td>1.939060e-04</td>\n",
       "      <td>3.616382e-06</td>\n",
       "      <td>1.568515e-01</td>\n",
       "      <td>2.578236e-03</td>\n",
       "    </tr>\n",
       "    <tr>\n",
       "      <th>y10</th>\n",
       "      <td>4.391442e-10</td>\n",
       "      <td>3.416326e-02</td>\n",
       "      <td>4.750623e-02</td>\n",
       "      <td>3.293718e-03</td>\n",
       "      <td>5.478596e-11</td>\n",
       "      <td>3.400206e-19</td>\n",
       "      <td>2.070309e-10</td>\n",
       "      <td>5.076281e-06</td>\n",
       "      <td>1.900765e-07</td>\n",
       "      <td>1.000000e+00</td>\n",
       "      <td>7.950143e-18</td>\n",
       "      <td>1.503082e-02</td>\n",
       "      <td>4.535291e-01</td>\n",
       "      <td>9.535303e-24</td>\n",
       "      <td>4.362553e-25</td>\n",
       "      <td>2.604214e-19</td>\n",
       "      <td>1.026918e-05</td>\n",
       "      <td>1.634213e-01</td>\n",
       "      <td>3.247162e-11</td>\n",
       "      <td>7.262265e-08</td>\n",
       "    </tr>\n",
       "    <tr>\n",
       "      <th>y11</th>\n",
       "      <td>1.901415e-03</td>\n",
       "      <td>2.861604e-24</td>\n",
       "      <td>7.079171e-14</td>\n",
       "      <td>3.023233e-09</td>\n",
       "      <td>1.269005e-01</td>\n",
       "      <td>8.254313e-02</td>\n",
       "      <td>2.275252e-04</td>\n",
       "      <td>1.924676e-16</td>\n",
       "      <td>4.751453e-08</td>\n",
       "      <td>7.950143e-18</td>\n",
       "      <td>1.000000e+00</td>\n",
       "      <td>1.918905e-24</td>\n",
       "      <td>1.981111e-21</td>\n",
       "      <td>4.693486e-04</td>\n",
       "      <td>4.477632e-04</td>\n",
       "      <td>3.534480e-02</td>\n",
       "      <td>1.820102e-04</td>\n",
       "      <td>6.841750e-12</td>\n",
       "      <td>1.576824e-04</td>\n",
       "      <td>6.323792e-03</td>\n",
       "    </tr>\n",
       "    <tr>\n",
       "      <th>y12</th>\n",
       "      <td>1.184370e-12</td>\n",
       "      <td>9.355999e-01</td>\n",
       "      <td>2.816214e-02</td>\n",
       "      <td>1.493826e-04</td>\n",
       "      <td>7.001885e-17</td>\n",
       "      <td>2.577203e-23</td>\n",
       "      <td>8.459390e-19</td>\n",
