{
 "cells": [
  {
   "cell_type": "code",
   "execution_count": 204,
   "metadata": {},
   "outputs": [],
   "source": [
    "import numpy as np\n",
    "import pandas as pd\n",
    "import matplotlib.pyplot as plt\n",
    "from itertools import combinations_with_replacement, combinations\n",
    "import libpysal.weights as lpw"
   ]
  },
  {
   "cell_type": "code",
   "execution_count": 193,
   "metadata": {},
   "outputs": [],
   "source": [
    "# set seed\n",
    "seed_value = 42\n",
    "np.random.seed(seed_value)"
   ]
  },
  {
   "cell_type": "code",
   "execution_count": 194,
   "metadata": {},
   "outputs": [],
   "source": [
    "# coordinates function\n",
    "def make_coords(N_points, xm, xM, ym, yM):\n",
    "    \n",
    "    # Define the range of coordinate values\n",
    "    xmin, ymin = xm, ym\n",
    "    xmax, ymax = xM, yM\n",
    "    \n",
    "    x_coords = np.random.uniform(xmin, xmax, size=N_points)\n",
    "    y_coords = np.random.uniform(ymin, ymax, size=N_points)\n",
    "    coords = np.column_stack((x_coords, y_coords))\n",
    "    return coords\n",
    "    "
   ]
  },
  {
   "cell_type": "code",
   "execution_count": 195,
   "metadata": {},
   "outputs": [],
   "source": [
    "# make coordinates\n",
    "N = 20\n",
    "coords = make_coords(N, 0, 10, 0, 10)"
   ]
  },
  {
   "cell_type": "code",
   "execution_count": 196,
   "metadata": {},
   "outputs": [],
   "source": [
    "# calculate inverse matrix A\n",
    "# function that makes weight matrix\n",
    "def make_weight(coords, thres):\n",
    "    w = lpw.DistanceBand.from_array(coords, threshold=thres, binary=True)\n",
    "    w.transform = 'R'\n",
    "    return w.full()[0]\n",
    "\n",
    "\n",
    "# function that checks if the matrix is invertible\n",
    "def check_invertible(matrix):\n",
    "    try:\n",
    "        inverse = np.linalg.inv(matrix)\n",
    "        return inverse\n",
    "    except np.linalg.LinAlgError:\n",
    "        return False\n",
    "\n",
    "    \n",
    "# function that calculates A\n",
    "def get_A(coords, N, thres, rho):\n",
    "    \n",
    "    # make weight matrix\n",
    "    W = make_weight(coords, thres)\n",
    "    \n",
    "    # calculate (I - rho * W)\n",
    "    I = np.identity(N)\n",
    "    X = I - rho * W\n",
    "    \n",
    "    # get A\n",
    "    A = check_invertible(X)\n",
    "    \n",
    "    return A"
   ]
  },
  {
   "cell_type": "code",
   "execution_count": 197,
   "metadata": {},
   "outputs": [
    {
     "name": "stdout",
     "output_type": "stream",
     "text": [
      "The shape of the simulation result is:  (1000, 20, 1)\n"
     ]
    }
   ],
   "source": [
    "# simulation\n",
    "# set up parameters\n",
    "n = 1000\n",
    "threshold = 5\n",
    "rho = 0.5 \n",
    "\n",
    "# calculate invertible matrix A\n",
    "A = get_A(coords, N, threshold, rho)\n",
    "\n",
    "results = [] # generated n * y = [y1, y2, ..., yN]\n",
    "V = [] # randomly generated v = [v1, v2, ..., vD], (D = N)\n",
    "\n",
    "# run simulations\n",
    "for i in range(n):\n",
    "    # Generate random v from standard normal distribution\n",
    "    v = np.random.randn(N, 1) \n",
    "    V.append(v)\n",
    "    # Compute the matrix product\n",
    "    y = np.dot(A, v) # y = N x 1 vector\n",
    "    results.append(y)\n",
    "    \n",
    "    # if i % 10 == 0:\n",
    "    #     print(f\"Iteration: {i+1} / {n}\")\n",
    "    #     print(\"The shape of the simulation result is: \", np.shape(results))\n",
    "\n",
    "\n",
    "print(\"The shape of the simulation result is: \", np.shape(results)) # (n, N, 1), cf. 3D array"
   ]
  },
  {
   "cell_type": "code",
   "execution_count": 198,
   "metadata": {},
   "outputs": [
    {
     "name": "stdout",
     "output_type": "stream",
     "text": [
      "           y1        y2        y3        y4        y5        y6        y7   \n",
      "0   -0.176288 -1.504306  0.481104 -1.462833 -0.041076 -2.024568 -1.640802  \\\n",
      "1   -0.439835  0.873265  1.254886  1.119476 -0.615585 -0.166956  0.361476   \n",
      "2    0.014418  1.166561 -2.682814  0.644276  0.222437 -0.086963  0.365894   \n",
      "3   -0.950054 -0.825683 -0.907350 -1.902917 -0.054202  0.042506 -0.152282   \n",
      "4    0.090383  2.422114 -0.125786  0.348781  0.104855 -1.084625  1.284004   \n",
      "..        ...       ...       ...       ...       ...       ...       ...   \n",
      "995 -0.510051  0.901262  1.333514 -1.106363 -1.495458  2.175198 -0.108800   \n",
      "996 -0.682179 -0.752077 -0.092792 -1.091957 -1.383892 -2.893773  1.302295   \n",
      "997 -1.034458 -0.967970 -0.944507  0.677402 -0.781160 -1.318204  0.658460   \n",
      "998  1.174818  1.169000  1.284296  0.781863  1.781559  0.654606  2.231683   \n",
      "999 -0.450619 -0.983809  0.598200 -0.028223 -1.306345 -1.316398 -1.031751   \n",
      "\n",
      "           y8        y9       y10       y11       y12       y13       y14   \n",
      "0   -0.098037  0.595263 -0.289621 -0.364312 -0.798140 -1.897063 -0.882772  \\\n",
      "1    1.227509 -0.171182  0.120423 -0.891340 -0.814092  1.060725  1.327914   \n",
      "2   -2.172540 -0.369102  0.049188  1.597700 -0.777492 -1.048367 -0.260218   \n",
      "3   -0.882361 -1.786969 -0.866396 -0.443401 -1.268657 -0.670398  0.263601   \n",
      "4    0.793937  0.712836 -0.737714  1.391339 -1.185306  0.670821  2.019231   \n",
      "..        ...       ...       ...       ...       ...       ...       ...   \n",
      "995  0.420697 -0.666496  0.809777  0.922769  0.647571  1.992562 -0.335282   \n",
      "996  0.385424 -0.363336 -0.753492 -2.987837 -0.889792  0.458310  0.422054   \n",
      "997  0.414634  0.890017  0.574496 -0.940035  0.041724  0.087486 -1.313097   \n",
      "998 -1.281560  0.776398  0.575194 -0.538236  0.867620 -1.064069 -0.355551   \n",
      "999  1.853473  2.183448  0.183161  0.095128 -0.321114 -0.879402  1.219455   \n",
      "\n",
      "          y15       y16       y17       y18       y19       y20  \n",
      "0   -0.665412  0.833446  0.091195 -2.187745  0.157218 -0.624224  \n",
      "1    0.052524  1.076698  0.482230 -0.306682  0.587928  1.633500  \n",
      "2    1.067978  0.507756 -0.471014  0.414593  0.058213  0.977620  \n",
      "3    1.614287 -0.039420 -0.200427 -0.474214 -2.136018 -0.401712  \n",
      "4   -0.951478 -0.513949  0.162738 -0.340528 -1.433676  0.093412  \n",
      "..        ...       ...       ...       ...       ...       ...  \n",
      "995 -0.162610  0.177587  0.410392  0.517394 -1.226952  0.330129  \n",
      "996  0.171674 -0.265905  1.013677 -0.411098  0.760223 -0.680273  \n",
      "997 -1.484814 -0.984439  2.004410 -0.322835  1.027967 -0.513135  \n",
      "998 -1.688100  1.772759  0.345007  2.567774  1.023461  1.025431  \n",
      "999  1.756045 -0.725771 -0.057864 -0.530515 -0.232176  1.069121  \n",
      "\n",
      "[1000 rows x 20 columns]\n"
     ]
    }
   ],
   "source": [
    "# convert results into dataframe (n, N) \n",
    "# make a column names list; y1, y2, ..\n",
    "col_names = []\n",
    "\n",
    "for i in range(N):\n",
    "    col_names.append('y{}'.format(i+1))\n",
    "\n",
    "simul_df = pd.DataFrame(np.reshape(results, (n, N)), columns=col_names)\n",
    "\n",
    "print(simul_df)"
   ]
  },
  {
   "cell_type": "code",
   "execution_count": 199,
   "metadata": {},
   "outputs": [
    {
     "data": {
      "text/html": [
       "<div>\n",
       "<style scoped>\n",
       "    .dataframe tbody tr th:only-of-type {\n",
       "        vertical-align: middle;\n",
       "    }\n",
       "\n",
       "    .dataframe tbody tr th {\n",
       "        vertical-align: top;\n",
       "    }\n",
       "\n",
       "    .dataframe thead th {\n",
       "        text-align: right;\n",
       "    }\n",
       "</style>\n",
       "<table border=\"1\" class=\"dataframe\">\n",
       "  <thead>\n",
       "    <tr style=\"text-align: right;\">\n",
       "      <th></th>\n",
       "      <th>y1</th>\n",
       "      <th>y2</th>\n",
       "      <th>y3</th>\n",
       "      <th>y4</th>\n",
       "      <th>y5</th>\n",
       "      <th>y6</th>\n",
       "      <th>y7</th>\n",
       "      <th>y8</th>\n",
       "      <th>y9</th>\n",
       "      <th>y10</th>\n",
       "      <th>y11</th>\n",
       "      <th>y12</th>\n",
       "      <th>y13</th>\n",
       "      <th>y14</th>\n",
       "      <th>y15</th>\n",
       "      <th>y16</th>\n",
       "      <th>y17</th>\n",
       "      <th>y18</th>\n",
       "      <th>y19</th>\n",
       "      <th>y20</th>\n",
       "    </tr>\n",
       "  </thead>\n",
       "  <tbody>\n",
       "    <tr>\n",
       "      <th>y1</th>\n",
       "      <td>1.161239</td>\n",
       "      <td>0.058540</td>\n",
       "      <td>0.172534</td>\n",
       "      <td>0.176426</td>\n",
       "      <td>0.227708</td>\n",
       "      <td>0.244870</td>\n",
       "      <td>0.110253</td>\n",
       "      <td>0.079837</td>\n",
       "      <td>0.219149</td>\n",
       "      <td>0.067431</td>\n",
       "      <td>0.234477</td>\n",
       "      <td>0.058540</td>\n",
       "      <td>0.058540</td>\n",
       "      <td>0.254101</td>\n",
       "      <td>0.261464</td>\n",
       "      <td>0.244870</td>\n",
       "      <td>0.200991</td>\n",
       "      <td>0.077964</td>\n",
       "      <td>0.227954</td>\n",
       "      <td>0.214662</td>\n",
       "    </tr>\n",
       "    <tr>\n",
       "      <th>y2</th>\n",
       "      <td>0.058540</td>\n",
       "      <td>1.194788</td>\n",
       "      <td>0.259832</td>\n",
       "      <td>0.252195</td>\n",
       "      <td>0.048624</td>\n",
       "      <td>0.029904</td>\n",
       "      <td>0.061822</td>\n",
       "      <td>0.285284</td>\n",
       "      <td>0.081934</td>\n",
       "      <td>0.302818</td>\n",
       "      <td>0.032279</td>\n",
       "      <td>0.319301</td>\n",
       "      <td>0.319301</td>\n",
       "      <td>0.024186</td>\n",
       "      <td>0.023208</td>\n",
       "      <td>0.029904</td>\n",
       "      <td>0.097390</td>\n",
       "      <td>0.271526</td>\n",
       "      <td>0.072363</td>\n",
       "      <td>0.076123</td>\n",
       "    </tr>\n",
       "    <tr>\n",
       "      <th>y3</th>\n",
       "      <td>0.172534</td>\n",
       "      <td>0.259832</td>\n",
       "      <td>1.163115</td>\n",
       "      <td>0.230399</td>\n",
       "      <td>0.092782</td>\n",
       "      <td>0.076805</td>\n",
       "      <td>0.091021</td>\n",
       "      <td>0.247953</td>\n",
       "      <td>0.197039</td>\n",
       "      <td>0.252792</td>\n",
       "      <td>0.076585</td>\n",
       "      <td>0.259832</td>\n",
       "      <td>0.259832</td>\n",
       "      <td>0.062170</td>\n",
       "      <td>0.062151</td>\n",
       "      <td>0.076805</td>\n",
       "      <td>0.201086</td>\n",
       "      <td>0.235421</td>\n",
       "      <td>0.178104</td>\n",
       "      <td>0.184233</td>\n",
       "    </tr>\n",
       "    <tr>\n",
       "      <th>y4</th>\n",
       "      <td>0.176426</td>\n",
       "      <td>0.252195</td>\n",
       "      <td>0.230399</td>\n",
       "      <td>1.160540</td>\n",
       "      <td>0.175084</td>\n",
       "      <td>0.085580</td>\n",
       "      <td>0.101417</td>\n",
       "      <td>0.241360</td>\n",
       "      <td>0.200077</td>\n",
       "      <td>0.245463</td>\n",
       "      <td>0.085269</td>\n",
       "      <td>0.252195</td>\n",
       "      <td>0.252195</td>\n",
       "      <td>0.072547</td>\n",
       "      <td>0.066048</td>\n",
       "      <td>0.085580</td>\n",
       "      <td>0.203231</td>\n",
       "      <td>0.229685</td>\n",
       "      <td>0.181056</td>\n",
       "      <td>0.187475</td>\n",
       "    </tr>\n",
       "    <tr>\n",
       "      <th>y5</th>\n",
       "      <td>0.227708</td>\n",
       "      <td>0.048624</td>\n",
       "      <td>0.092782</td>\n",
       "      <td>0.175084</td>\n",
       "      <td>1.162751</td>\n",
       "      <td>0.239840</td>\n",
       "      <td>0.252574</td>\n",
       "      <td>0.070033</td>\n",
       "      <td>0.218108</td>\n",
       "      <td>0.059415</td>\n",
       "      <td>0.241734</td>\n",
       "      <td>0.048624</td>\n",
       "      <td>0.048624</td>\n",
       "      <td>0.246168</td>\n",
       "      <td>0.142589</td>\n",
       "      <td>0.239840</td>\n",
       "      <td>0.212039</td>\n",
       "      <td>0.083683</td>\n",
       "      <td>0.220763</td>\n",
       "      <td>0.225657</td>\n",
       "    </tr>\n",
       "    <tr>\n",
       "      <th>y6</th>\n",
       "      <td>0.244870</td>\n",
       "      <td>0.029904</td>\n",
       "      <td>0.076805</td>\n",
       "      <td>0.085580</td>\n",
       "      <td>0.239840</td>\n",
       "      <td>1.173960</td>\n",
       "      <td>0.101746</td>\n",
       "      <td>0.057549</td>\n",
       "      <td>0.219401</td>\n",
       "      <td>0.034493</td>\n",
       "      <td>0.254082</td>\n",
       "      <td>0.029904</td>\n",
       "      <td>0.029904</td>\n",
       "      <td>0.281309</td>\n",
       "      <td>0.288090</td>\n",
       "      <td>0.271945</td>\n",
       "      <td>0.109354</td>\n",
       "      <td>0.049305</td>\n",
       "      <td>0.237279</td>\n",
       "      <td>0.217845</td>\n",
       "    </tr>\n",
       "    <tr>\n",
       "      <th>y7</th>\n",
       "      <td>0.110253</td>\n",
       "      <td>0.061822</td>\n",
       "      <td>0.091021</td>\n",
       "      <td>0.101417</td>\n",
       "      <td>0.252574</td>\n",
       "      <td>0.101746</td>\n",
       "      <td>1.163381</td>\n",
       "      <td>0.050517</td>\n",
       "      <td>0.098765</td>\n",
       "      <td>0.077081</td>\n",
       "      <td>0.256288</td>\n",
       "      <td>0.061822</td>\n",
       "      <td>0.061822</td>\n",
       "      <td>0.091389</td>\n",
       "      <td>0.077724</td>\n",
       "      <td>0.101746</td>\n",
       "      <td>0.261962</td>\n",
       "      <td>0.240961</td>\n",
       "      <td>0.107204</td>\n",
       "      <td>0.259090</td>\n",
       "    </tr>\n",
       "    <tr>\n",
       "      <th>y8</th>\n",
       "      <td>0.079837</td>\n",
       "      <td>0.285284</td>\n",
       "      <td>0.247953</td>\n",
       "      <td>0.241360</td>\n",
       "      <td>0.070033</td>\n",
       "      <td>0.057549</td>\n",
       "      <td>0.050517</td>\n",
       "      <td>1.172665</td>\n",
       "      <td>0.197705</td>\n",
       "      <td>0.270946</td>\n",
       "      <td>0.049082</td>\n",
       "      <td>0.285284</td>\n",
       "      <td>0.285284</td>\n",
       "      <td>0.046042</td>\n",
       "      <td>0.045816</td>\n",
       "      <td>0.057549</td>\n",
       "      <td>0.101729</td>\n",
       "      <td>0.141445</td>\n",
       "      <td>0.179818</td>\n",
       "      <td>0.085336</td>\n",
       "    </tr>\n",
       "    <tr>\n",
       "      <th>y9</th>\n",
       "      <td>0.219149</td>\n",
       "      <td>0.081934</td>\n",
       "      <td>0.197039</td>\n",
       "      <td>0.200077</td>\n",
       "      <td>0.218108</td>\n",
       "      <td>0.219401</td>\n",
       "      <td>0.098765</td>\n",
       "      <td>0.197705</td>\n",
       "      <td>1.147633</td>\n",
       "      <td>0.089448</td>\n",
       "      <td>0.123112</td>\n",
       "      <td>0.081934</td>\n",
       "      <td>0.081934</td>\n",
       "      <td>0.117353</td>\n",
       "      <td>0.111798</td>\n",
       "      <td>0.219401</td>\n",
       "      <td>0.206193</td>\n",
       "      <td>0.088964</td>\n",
       "      <td>0.220707</td>\n",
       "      <td>0.216832</td>\n",
       "    </tr>\n",
       "    <tr>\n",
       "      <th>y10</th>\n",
       "      <td>0.067431</td>\n",
       "      <td>0.302818</td>\n",
       "      <td>0.252792</td>\n",
       "      <td>0.245463</td>\n",
       "      <td>0.059415</td>\n",
       "      <td>0.034493</td>\n",
       "      <td>0.077081</td>\n",
       "      <td>0.270946</td>\n",
       "      <td>0.089448</td>\n",
       "      <td>1.185260</td>\n",
       "      <td>0.044229</td>\n",
       "      <td>0.302818</td>\n",
       "      <td>0.302818</td>\n",
       "      <td>0.028535</td>\n",
       "      <td>0.027168</td>\n",
       "      <td>0.034493</td>\n",
       "      <td>0.198010</td>\n",
       "      <td>0.266417</td>\n",
       "      <td>0.079585</td>\n",
       "      <td>0.084788</td>\n",
       "    </tr>\n",
       "    <tr>\n",
       "      <th>y11</th>\n",
       "      <td>0.234477</td>\n",
       "      <td>0.032279</td>\n",
       "      <td>0.076585</td>\n",
       "      <td>0.085269</td>\n",
       "      <td>0.241734</td>\n",
       "      <td>0.254082</td>\n",
       "      <td>0.256288</td>\n",
       "      <td>0.049082</td>\n",
       "      <td>0.123112</td>\n",
       "      <td>0.044229</td>\n",
       "      <td>1.173944</td>\n",
       "      <td>0.032279</td>\n",
       "      <td>0.032279</td>\n",
       "      <td>0.270148</td>\n",
       "      <td>0.276440</td>\n",
       "      <td>0.254082</td>\n",
       "      <td>0.204336</td>\n",
       "      <td>0.071662</td>\n",
       "      <td>0.226532</td>\n",
       "      <td>0.221530</td>\n",
       "    </tr>\n",
       "    <tr>\n",
       "      <th>y12</th>\n",
       "      <td>0.058540</td>\n",
       "      <td>0.319301</td>\n",
       "      <td>0.259832</td>\n",
       "      <td>0.252195</td>\n",
       "      <td>0.048624</td>\n",
       "      <td>0.029904</td>\n",
       "      <td>0.061822</td>\n",
       "      <td>0.285284</td>\n",
       "      <td>0.081934</td>\n",
       "      <td>0.302818</td>\n",
       "      <td>0.032279</td>\n",
       "      <td>1.194788</td>\n",
       "      <td>0.319301</td>\n",
       "      <td>0.024186</td>\n",
       "      <td>0.023208</td>\n",
       "      <td>0.029904</td>\n",
       "      <td>0.097390</td>\n",
       "      <td>0.271526</td>\n",
       "      <td>0.072363</td>\n",
       "      <td>0.076123</td>\n",
       "    </tr>\n",
       "    <tr>\n",
       "      <th>y13</th>\n",
       "      <td>0.058540</td>\n",
       "      <td>0.319301</td>\n",
       "      <td>0.259832</td>\n",
       "      <td>0.252195</td>\n",
       "      <td>0.048624</td>\n",
       "      <td>0.029904</td>\n",
       "      <td>0.061822</td>\n",
       "      <td>0.285284</td>\n",
       "      <td>0.081934</td>\n",
       "      <td>0.302818</td>\n",
       "      <td>0.032279</td>\n",
       "      <td>0.319301</td>\n",
       "      <td>1.194788</td>\n",
       "      <td>0.024186</td>\n",
       "      <td>0.023208</td>\n",
       "      <td>0.029904</td>\n",
       "      <td>0.097390</td>\n",
       "      <td>0.271526</td>\n",
       "      <td>0.072363</td>\n",
       "      <td>0.076123</td>\n",
       "    </tr>\n",
       "    <tr>\n",
       "      <th>y14</th>\n",
       "      <td>0.254101</td>\n",
       "      <td>0.024186</td>\n",
       "      <td>0.062170</td>\n",
       "      <td>0.072547</td>\n",
       "      <td>0.246168</td>\n",
       "      <td>0.281309</td>\n",
       "      <td>0.091389</td>\n",
       "      <td>0.046042</td>\n",
       "      <td>0.117353</td>\n",
       "      <td>0.028535</td>\n",
       "      <td>0.270148</td>\n",
       "      <td>0.024186</td>\n",
       "      <td>0.024186</td>\n",
       "      <td>1.181267</td>\n",
       "      <td>0.311931</td>\n",
       "      <td>0.281309</td>\n",
       "      <td>0.097283</td>\n",
       "      <td>0.037156</td>\n",
       "      <td>0.246489</td>\n",
       "      <td>0.124405</td>\n",
       "    </tr>\n",
       "    <tr>\n",
       "      <th>y15</th>\n",
       "      <td>0.261464</td>\n",
       "      <td>0.023208</td>\n",
       "      <td>0.062151</td>\n",
       "      <td>0.066048</td>\n",
       "      <td>0.142589</td>\n",
       "      <td>0.288090</td>\n",
       "      <td>0.077724</td>\n",
       "      <td>0.045816</td>\n",
       "      <td>0.111798</td>\n",
       "      <td>0.027168</td>\n",
       "      <td>0.276440</td>\n",
       "      <td>0.023208</td>\n",
       "      <td>0.023208</td>\n",
       "      <td>0.311931</td>\n",
       "      <td>1.183970</td>\n",
       "      <td>0.288090</td>\n",
       "      <td>0.090141</td>\n",
       "      <td>0.034684</td>\n",
       "      <td>0.254196</td>\n",
       "      <td>0.119455</td>\n",
       "    </tr>\n",
       "    <tr>\n",
       "      <th>y16</th>\n",
       "      <td>0.244870</td>\n",
       "      <td>0.029904</td>\n",
       "      <td>0.076805</td>\n",
       "      <td>0.085580</td>\n",
       "      <td>0.239840</td>\n",
       "      <td>0.271945</td>\n",
       "      <td>0.101746</td>\n",
       "      <td>0.057549</td>\n",
       "      <td>0.219401</td>\n",
       "      <td>0.034493</td>\n",
       "      <td>0.254082</td>\n",
       "      <td>0.029904</td>\n",
       "      <td>0.029904</td>\n",
       "      <td>0.281309</td>\n",
       "      <td>0.288090</td>\n",
       "      <td>1.173960</td>\n",
       "      <td>0.109354</td>\n",
       "      <td>0.049305</td>\n",
       "      <td>0.237279</td>\n",
       "      <td>0.217845</td>\n",
       "    </tr>\n",
       "    <tr>\n",
       "      <th>y17</th>\n",
       "      <td>0.200991</td>\n",
       "      <td>0.097390</td>\n",
       "      <td>0.201086</td>\n",
       "      <td>0.203231</td>\n",
       "      <td>0.212039</td>\n",
       "      <td>0.109354</td>\n",
       "      <td>0.261962</td>\n",
       "      <td>0.101729</td>\n",
       "      <td>0.206193</td>\n",
       "      <td>0.198010</td>\n",
       "      <td>0.204336</td>\n",
       "      <td>0.097390</td>\n",
       "      <td>0.097390</td>\n",
       "      <td>0.097283</td>\n",
       "      <td>0.090141</td>\n",
       "      <td>0.109354</td>\n",
       "      <td>1.150990</td>\n",
       "      <td>0.211717</td>\n",
       "      <td>0.196919</td>\n",
       "      <td>0.219646</td>\n",
       "    </tr>\n",
       "    <tr>\n",
       "      <th>y18</th>\n",
       "      <td>0.077964</td>\n",
       "      <td>0.271526</td>\n",
       "      <td>0.235421</td>\n",
       "      <td>0.229685</td>\n",
       "      <td>0.083683</td>\n",
       "      <td>0.049305</td>\n",
       "      <td>0.240961</td>\n",
       "      <td>0.141445</td>\n",
       "      <td>0.088964</td>\n",
       "      <td>0.266417</td>\n",
       "      <td>0.071662</td>\n",
       "      <td>0.271526</td>\n",
       "      <td>0.271526</td>\n",
       "      <td>0.037156</td>\n",
       "      <td>0.034684</td>\n",
       "      <td>0.049305</td>\n",
       "      <td>0.211717</td>\n",
       "      <td>1.173110</td>\n",
       "      <td>0.081038</td>\n",
       "      <td>0.191079</td>\n",
       "    </tr>\n",
       "    <tr>\n",
       "      <th>y19</th>\n",
       "      <td>0.227954</td>\n",
       "      <td>0.072363</td>\n",
       "      <td>0.178104</td>\n",
       "      <td>0.181056</td>\n",
       "      <td>0.220763</td>\n",
       "      <td>0.237279</td>\n",
       "      <td>0.107204</td>\n",
       "      <td>0.179818</td>\n",
       "      <td>0.220707</td>\n",
       "      <td>0.079585</td>\n",
       "      <td>0.226532</td>\n",
       "      <td>0.072363</td>\n",
       "      <td>0.072363</td>\n",
       "      <td>0.246489</td>\n",
       "      <td>0.254196</td>\n",
       "      <td>0.237279</td>\n",
       "      <td>0.196919</td>\n",
       "      <td>0.081038</td>\n",
       "      <td>1.158845</td>\n",
       "      <td>0.208795</td>\n",
       "    </tr>\n",
       "    <tr>\n",
       "      <th>y20</th>\n",
       "      <td>0.214662</td>\n",
       "      <td>0.076123</td>\n",
       "      <td>0.184233</td>\n",
       "      <td>0.187475</td>\n",
       "      <td>0.225657</td>\n",
       "      <td>0.217845</td>\n",
       "      <td>0.259090</td>\n",
       "      <td>0.085336</td>\n",
       "      <td>0.216832</td>\n",
       "      <td>0.084788</td>\n",
       "      <td>0.221530</td>\n",
       "      <td>0.076123</td>\n",
       "      <td>0.076123</td>\n",
       "      <td>0.124405</td>\n",
       "      <td>0.119455</td>\n",
       "      <td>0.217845</td>\n",
       "      <td>0.219646</td>\n",
       "      <td>0.191079</td>\n",
       "      <td>0.208795</td>\n",
       "      <td>1.154715</td>\n",
       "    </tr>\n",
       "  </tbody>\n",
       "</table>\n",
       "</div>"
      ],
      "text/plain": [
       "           y1        y2        y3        y4        y5        y6        y7   \n",
       "y1   1.161239  0.058540  0.172534  0.176426  0.227708  0.244870  0.110253  \\\n",
       "y2   0.058540  1.194788  0.259832  0.252195  0.048624  0.029904  0.061822   \n",
       "y3   0.172534  0.259832  1.163115  0.230399  0.092782  0.076805  0.091021   \n",
       "y4   0.176426  0.252195  0.230399  1.160540  0.175084  0.085580  0.101417   \n",
       "y5   0.227708  0.048624  0.092782  0.175084  1.162751  0.239840  0.252574   \n",
       "y6   0.244870  0.029904  0.076805  0.085580  0.239840  1.173960  0.101746   \n",
       "y7   0.110253  0.061822  0.091021  0.101417  0.252574  0.101746  1.163381   \n",
       "y8   0.079837  0.285284  0.247953  0.241360  0.070033  0.057549  0.050517   \n",
       "y9   0.219149  0.081934  0.197039  0.200077  0.218108  0.219401  0.098765   \n",
       "y10  0.067431  0.302818  0.252792  0.245463  0.059415  0.034493  0.077081   \n",
       "y11  0.234477  0.032279  0.076585  0.085269  0.241734  0.254082  0.256288   \n",
       "y12  0.058540  0.319301  0.259832  0.252195  0.048624  0.029904  0.061822   \n",
       "y13  0.058540  0.319301  0.259832  0.252195  0.048624  0.029904  0.061822   \n",
       "y14  0.254101  0.024186  0.062170  0.072547  0.246168  0.281309  0.091389   \n",
       "y15  0.261464  0.023208  0.062151  0.066048  0.142589  0.288090  0.077724   \n",
       "y16  0.244870  0.029904  0.076805  0.085580  0.239840  0.271945  0.101746   \n",
       "y17  0.200991  0.097390  0.201086  0.203231  0.212039  0.109354  0.261962   \n",
       "y18  0.077964  0.271526  0.235421  0.229685  0.083683  0.049305  0.240961   \n",
       "y19  0.227954  0.072363  0.178104  0.181056  0.220763  0.237279  0.107204   \n",
       "y20  0.214662  0.076123  0.184233  0.187475  0.225657  0.217845  0.259090   \n",
       "\n",
       "           y8        y9       y10       y11       y12       y13       y14   \n",
       "y1   0.079837  0.219149  0.067431  0.234477  0.058540  0.058540  0.254101  \\\n",
       "y2   0.285284  0.081934  0.302818  0.032279  0.319301  0.319301  0.024186   \n",
       "y3   0.247953  0.197039  0.252792  0.076585  0.259832  0.259832  0.062170   \n",
       "y4   0.241360  0.200077  0.245463  0.085269  0.252195  0.252195  0.072547   \n",
       "y5   0.070033  0.218108  0.059415  0.241734  0.048624  0.048624  0.246168   \n",
       "y6   0.057549  0.219401  0.034493  0.254082  0.029904  0.029904  0.281309   \n",
       "y7   0.050517  0.098765  0.077081  0.256288  0.061822  0.061822  0.091389   \n",
       "y8   1.172665  0.197705  0.270946  0.049082  0.285284  0.285284  0.046042   \n",
       "y9   0.197705  1.147633  0.089448  0.123112  0.081934  0.081934  0.117353   \n",
       "y10  0.270946  0.089448  1.185260  0.044229  0.302818  0.302818  0.028535   \n",
       "y11  0.049082  0.123112  0.044229  1.173944  0.032279  0.032279  0.270148   \n",
       "y12  0.285284  0.081934  0.302818  0.032279  1.194788  0.319301  0.024186   \n",
       "y13  0.285284  0.081934  0.302818  0.032279  0.319301  1.194788  0.024186   \n",
       "y14  0.046042  0.117353  0.028535  0.270148  0.024186  0.024186  1.181267   \n",
       "y15  0.045816  0.111798  0.027168  0.276440  0.023208  0.023208  0.311931   \n",
       "y16  0.057549  0.219401  0.034493  0.254082  0.029904  0.029904  0.281309   \n",
       "y17  0.101729  0.206193  0.198010  0.204336  0.097390  0.097390  0.097283   \n",
       "y18  0.141445  0.088964  0.266417  0.071662  0.271526  0.271526  0.037156   \n",
       "y19  0.179818  0.220707  0.079585  0.226532  0.072363  0.072363  0.246489   \n",
       "y20  0.085336  0.216832  0.084788  0.221530  0.076123  0.076123  0.124405   \n",
       "\n",
       "          y15       y16       y17       y18       y19       y20  \n",
       "y1   0.261464  0.244870  0.200991  0.077964  0.227954  0.214662  \n",
       "y2   0.023208  0.029904  0.097390  0.271526  0.072363  0.076123  \n",
       "y3   0.062151  0.076805  0.201086  0.235421  0.178104  0.184233  \n",
       "y4   0.066048  0.085580  0.203231  0.229685  0.181056  0.187475  \n",
       "y5   0.142589  0.239840  0.212039  0.083683  0.220763  0.225657  \n",
       "y6   0.288090  0.271945  0.109354  0.049305  0.237279  0.217845  \n",
       "y7   0.077724  0.101746  0.261962  0.240961  0.107204  0.259090  \n",
       "y8   0.045816  0.057549  0.101729  0.141445  0.179818  0.085336  \n",
       "y9   0.111798  0.219401  0.206193  0.088964  0.220707  0.216832  \n",
       "y10  0.027168  0.034493  0.198010  0.266417  0.079585  0.084788  \n",
       "y11  0.276440  0.254082  0.204336  0.071662  0.226532  0.221530  \n",
       "y12  0.023208  0.029904  0.097390  0.271526  0.072363  0.076123  \n",
       "y13  0.023208  0.029904  0.097390  0.271526  0.072363  0.076123  \n",
       "y14  0.311931  0.281309  0.097283  0.037156  0.246489  0.124405  \n",
       "y15  1.183970  0.288090  0.090141  0.034684  0.254196  0.119455  \n",
       "y16  0.288090  1.173960  0.109354  0.049305  0.237279  0.217845  \n",
       "y17  0.090141  0.109354  1.150990  0.211717  0.196919  0.219646  \n",
       "y18  0.034684  0.049305  0.211717  1.173110  0.081038  0.191079  \n",
       "y19  0.254196  0.237279  0.196919  0.081038  1.158845  0.208795  \n",
       "y20  0.119455  0.217845  0.219646  0.191079  0.208795  1.154715  "
      ]
     },
     "execution_count": 199,
     "metadata": {},
     "output_type": "execute_result"
    }
   ],
   "source": [
    "# calculate covariance between yi & yj\n",
    "# get variance of vector V \n",
    "var = np.var(V)\n",
    "\n",
    "# initialize an empty covariance matrix\n",
    "cov_model = np.zeros((N, N))\n",
    "\n",
    "\n",
    "for i in range(N):\n",
    "  for k in range(N):\n",
    "    for j in range(N):\n",
    "      cov_model[i,k] += A[i,j] * A[k,j]\n",
    "      cov_model[k,i] += A[i,j] * A[k,j]\n",
    "\n",
    "cov_model = var * cov_model / 2\n",
    "\n",
    "# convert results to dataframe\n",
    "cov_model = pd.DataFrame(cov_model, columns=col_names, index=col_names)\n",
    "cov_model"
   ]
  },
  {
   "cell_type": "code",
   "execution_count": 200,
   "metadata": {},
   "outputs": [
    {
     "data": {
      "text/html": [
       "<div>\n",
       "<style scoped>\n",
       "    .dataframe tbody tr th:only-of-type {\n",
       "        vertical-align: middle;\n",
       "    }\n",
       "\n",
       "    .dataframe tbody tr th {\n",
       "        vertical-align: top;\n",
       "    }\n",
       "\n",
       "    .dataframe thead th {\n",
       "        text-align: right;\n",
       "    }\n",
       "</style>\n",
       "<table border=\"1\" class=\"dataframe\">\n",
       "  <thead>\n",
       "    <tr style=\"text-align: right;\">\n",
       "      <th></th>\n",
       "      <th>y1</th>\n",
       "      <th>y2</th>\n",
       "      <th>y3</th>\n",
       "      <th>y4</th>\n",
       "      <th>y5</th>\n",
       "      <th>y6</th>\n",
       "      <th>y7</th>\n",
       "      <th>y8</th>\n",
       "      <th>y9</th>\n",
       "      <th>y10</th>\n",
       "      <th>y11</th>\n",
       "      <th>y12</th>\n",
       "      <th>y13</th>\n",
       "      <th>y14</th>\n",
       "      <th>y15</th>\n",
       "      <th>y16</th>\n",
       "      <th>y17</th>\n",
       "      <th>y18</th>\n",
       "      <th>y19</th>\n",
       "      <th>y20</th>\n",
       "    </tr>\n",
       "  </thead>\n",
       "  <tbody>\n",
       "    <tr>\n",
       "      <th>y1</th>\n",
       "      <td>0.000000</td>\n",
       "      <td>7.450502</td>\n",
       "      <td>4.795692</td>\n",
       "      <td>3.324077</td>\n",
       "      <td>2.683653</td>\n",
       "      <td>2.789320</td>\n",
       "      <td>5.196502</td>\n",
       "      <td>5.012338</td>\n",
       "      <td>2.274072</td>\n",
       "      <td>6.564479</td>\n",
       "      <td>3.539818</td>\n",
       "      <td>7.411047</td>\n",
       "      <td>7.132085</td>\n",
       "      <td>3.740323</td>\n",
       "      <td>4.028633</td>\n",
       "      <td>2.741579</td>\n",
       "      <td>3.151788</td>\n",
       "      <td>5.356742</td>\n",
       "      <td>0.923808</td>\n",
       "      <td>1.908448</td>\n",
       "    </tr>\n",
       "    <tr>\n",
       "      <th>y2</th>\n",
       "      <td>7.450502</td>\n",
       "      <td>0.000000</td>\n",
       "      <td>2.667224</td>\n",
       "      <td>4.188226</td>\n",
       "      <td>8.554307</td>\n",
       "      <td>10.239555</td>\n",
       "      <td>8.946570</td>\n",
       "      <td>3.841578</td>\n",
       "      <td>5.721511</td>\n",
       "      <td>2.598694</td>\n",
       "      <td>10.412556</td>\n",
       "      <td>0.364876</td>\n",
       "      <td>1.397492</td>\n",
       "      <td>10.955879</td>\n",
       "      <td>11.285810</td>\n",
       "      <td>10.179372</td>\n",
       "      <td>6.672261</td>\n",
       "      <td>4.280060</td>\n",
       "      <td>7.522382</td>\n",
       "      <td>7.247871</td>\n",
       "    </tr>\n",
       "    <tr>\n",
       "      <th>y3</th>\n",
       "      <td>4.795692</td>\n",
       "      <td>2.667224</td>\n",
       "      <td>0.000000</td>\n",
       "      <td>1.525993</td>\n",
       "      <td>5.988481</td>\n",
       "      <td>7.581921</td>\n",
       "      <td>6.802250</td>\n",
       "      <td>2.594778</td>\n",
       "      <td>3.275535</td>\n",
       "      <td>2.468560</td>\n",
       "      <td>7.781907</td>\n",
       "      <td>2.671994</td>\n",
       "      <td>2.483167</td>\n",
       "      <td>8.374663</td>\n",
       "      <td>8.696385</td>\n",
       "      <td>7.533042</td>\n",
       "      <td>4.279334</td>\n",
       "      <td>2.841953</td>\n",
       "      <td>4.937233</td>\n",
       "      <td>4.649515</td>\n",
       "    </tr>\n",
       "    <tr>\n",
       "      <th>y4</th>\n",
       "      <td>3.324077</td>\n",
       "      <td>4.188226</td>\n",
       "      <td>1.525993</td>\n",
       "      <td>0.000000</td>\n",
       "      <td>4.516388</td>\n",
       "      <td>6.093904</td>\n",
       "      <td>5.656908</td>\n",
       "      <td>3.056665</td>\n",
       "      <td>2.260661</td>\n",
       "      <td>3.381047</td>\n",
       "      <td>6.263695</td>\n",
       "      <td>4.197380</td>\n",
       "      <td>3.813698</td>\n",
       "      <td>6.989825</td>\n",
       "      <td>7.299828</td>\n",
       "      <td>6.064909</td>\n",
       "      <td>3.008218</td>\n",
       "      <td>2.786677</td>\n",
       "      <td>3.589366</td>\n",
       "      <td>3.161611</td>\n",
       "    </tr>\n",
       "    <tr>\n",
       "      <th>y5</th>\n",
       "      <td>2.683653</td>\n",
       "      <td>8.554307</td>\n",
       "      <td>5.988481</td>\n",
       "      <td>4.516388</td>\n",
       "      <td>0.000000</td>\n",
       "      <td>3.291060</td>\n",
       "      <td>2.744636</td>\n",
       "      <td>7.125355</td>\n",
       "      <td>4.655111</td>\n",
       "      <td>6.874240</td>\n",
       "      <td>2.031921</td>\n",
       "      <td>8.625285</td>\n",
       "      <td>7.813097</td>\n",
       "      <td>4.960234</td>\n",
       "      <td>5.102151</td>\n",
       "      <td>3.533901</td>\n",
       "      <td>2.119180</td>\n",
       "      <td>5.142145</td>\n",
       "      <td>3.580415</td>\n",
       "      <td>1.361442</td>\n",
       "    </tr>\n",
       "    <tr>\n",
       "      <th>y6</th>\n",
       "      <td>2.789320</td>\n",
       "      <td>10.239555</td>\n",
       "      <td>7.581921</td>\n",
       "      <td>6.093904</td>\n",
       "      <td>3.291060</td>\n",
       "      <td>0.000000</td>\n",
       "      <td>5.936323</td>\n",
       "      <td>7.601100</td>\n",
       "      <td>4.850662</td>\n",
       "      <td>9.222286</td>\n",
       "      <td>2.233578</td>\n",
       "      <td>10.199289</td>\n",
       "      <td>9.880087</td>\n",
       "      <td>1.731345</td>\n",
       "      <td>1.822954</td>\n",
       "      <td>0.359241</td>\n",
       "      <td>5.029089</td>\n",
       "      <td>7.801582</td>\n",
       "      <td>2.938335</td>\n",
       "      <td>3.705801</td>\n",
       "    </tr>\n",
       "    <tr>\n",
       "      <th>y7</th>\n",
       "      <td>5.196502</td>\n",
       "      <td>8.946570</td>\n",
       "      <td>6.802250</td>\n",
       "      <td>5.656908</td>\n",
       "      <td>2.744636</td>\n",
       "      <td>5.936323</td>\n",
       "      <td>0.000000</td>\n",
       "      <td>8.671574</td>\n",
       "      <td>6.701704</td>\n",
       "      <td>6.678047</td>\n",
       "      <td>4.095913</td>\n",
       "      <td>9.122921</td>\n",
       "      <td>7.859739</td>\n",
       "      <td>7.649268</td>\n",
       "      <td>7.758891</td>\n",
       "      <td>6.214899</td>\n",
       "      <td>2.675939</td>\n",
       "      <td>4.776901</td>\n",
       "      <td>6.120213</td>\n",
       "      <td>3.349431</td>\n",
       "    </tr>\n",
       "    <tr>\n",
       "      <th>y8</th>\n",
       "      <td>5.012338</td>\n",
       "      <td>3.841578</td>\n",
       "      <td>2.594778</td>\n",
       "      <td>3.056665</td>\n",
       "      <td>7.125355</td>\n",
       "      <td>7.601100</td>\n",
       "      <td>8.671574</td>\n",
       "      <td>0.000000</td>\n",
       "      <td>2.763504</td>\n",
       "      <td>4.937799</td>\n",
       "      <td>8.507244</td>\n",
       "      <td>3.590229</td>\n",
       "      <td>4.504478</td>\n",
       "      <td>7.851270</td>\n",
       "      <td>8.198148</td>\n",
       "      <td>7.434440</td>\n",
       "      <td>5.997587</td>\n",
       "      <td>5.386015</td>\n",
       "      <td>4.663220</td>\n",
       "      <td>5.797001</td>\n",
       "    </tr>\n",
       "    <tr>\n",
       "      <th>y9</th>\n",
       "      <td>2.274072</td>\n",
       "      <td>5.721511</td>\n",
       "      <td>3.275535</td>\n",
       "      <td>2.260661</td>\n",
       "      <td>4.655111</td>\n",
       "      <td>4.850662</td>\n",
       "      <td>6.701704</td>\n",
       "      <td>2.763504</td>\n",
       "      <td>0.000000</td>\n",
       "      <td>5.563423</td>\n",
       "      <td>5.807277</td>\n",
       "      <td>5.603581</td>\n",
       "      <td>5.758682</td>\n",
       "      <td>5.274640</td>\n",
       "      <td>5.613336</td>\n",
       "      <td>4.702453</td>\n",
       "      <td>4.134764</td>\n",
       "      <td>5.006004</td>\n",
       "      <td>1.924815</td>\n",
       "      <td>3.452723</td>\n",
       "    </tr>\n",
       "    <tr>\n",
       "      <th>y10</th>\n",
       "      <td>6.564479</td>\n",
       "      <td>2.598694</td>\n",
       "      <td>2.468560</td>\n",
       "      <td>3.381047</td>\n",
       "      <td>6.874240</td>\n",
       "      <td>9.222286</td>\n",
       "      <td>6.678047</td>\n",
       "      <td>4.937799</td>\n",
       "      <td>5.563423</td>\n",
       "      <td>0.000000</td>\n",
       "      <td>8.873933</td>\n",
       "      <td>2.897465</td>\n",
       "      <td>1.257534</td>\n",
       "      <td>10.296314</td>\n",
       "      <td>10.591654</td>\n",
       "      <td>9.251161</td>\n",
       "      <td>4.792987</td>\n",
